# Diabatic Hamiltonian H_diab (eV)  shape=(16,16)  rows=cols=diabatic state m (0-based)  H_diab = U_orth @ diag(E_stack) @ U_orth.T
     9.04051439197       0.07699665340      -0.00007394724       0.00002891287      -0.00065509757      -0.00028459483       0.00003838152      -0.00008024648      -0.07457987048      -0.08753625246       0.13254360059      -0.04099408234       0.06082518978       0.26684578674      -0.00056253047       0.00256795008
     0.07699665340       8.88689725735       0.00065195372      -0.00062424001       0.00602841161       0.00281386352      -0.00038420654       0.00081820002      -0.83293508098       0.22002346432      -0.61549504524      -0.05438261086      -0.49144400614      -0.50103272820      -0.00332574088      -0.00487741482
    -0.00007394724       0.00065195372      10.30601433836       0.75598059484       0.00014273384       0.00018272779       0.04532726626      -0.08867467423      -0.00000625777       0.00007264299      -0.00017525964       0.00008412231      -0.00170519148       0.00082687690       0.20785464559       0.01584271136
     0.00002891287      -0.00062424001       0.75598059484       9.09109574620      -0.00473402115      -0.00232056282      -0.20081607552       0.19854563445      -0.00010773424      -0.00008008782       0.00018780146      -0.00014328364       0.00162368089      -0.00083846846      -0.20808985130      -0.01097498499
    -0.00065509757       0.00602841161       0.00014273384      -0.00473402115       9.90984913433      -0.32081813760       0.00209681383       0.00264769534       0.00058080528       0.00068744229      -0.00143331852       0.00096434271      -0.00279849191      -0.00567954325      -0.02503158744       0.55556081731
    -0.00028459483       0.00281386352       0.00018272779      -0.00232056282      -0.32081813760       9.46316945105       0.00094794663       0.00133064994       0.00030845847       0.00032239434      -0.00068225187       0.00047371221      -0.00127446659      -0.00266582350      -0.01198821847       0.26067756723
     0.00003838152      -0.00038420654       0.04532726626      -0.20081607552       0.00209681383       0.00094794663       9.77285099157      -0.52274130631       0.00002195764      -0.00005397781       0.00011750276      -0.00004949637       0.00099554954      -0.00041616107      -0.11383648278      -0.00643588501
    -0.00008024648       0.00081820002      -0.08867467423       0.19854563445       0.00264769534       0.00133064994      -0.52274130631       9.50984305549       0.00002989637       0.00008125389      -0.00019997364       0.00010973137      -0.00212534771       0.00101251241       0.25774781879       0.01399638824
    -0.07457987048      -0.83293508098      -0.00000625777      -0.00010773424       0.00058080528       0.00030845847       0.00002195764       0.00002989637       8.49237148246       0.08564164069      -0.45928915101      -0.12400464829      -0.31043750547      -0.15983946682       0.00009735747       0.00546675431
    -0.08753625246       0.22002346432       0.00007264299      -0.00008008782       0.00068744229       0.00032239434      -0.00005397781       0.00008125389       0.08564164069       9.42045204371       0.43875122408      -0.25993287894      -0.12938231991       0.21282882042      -0.00244897674       0.00017839360
     0.13254360059      -0.61549504524      -0.00017525964       0.00018780146      -0.00143331852      -0.00068225187       0.00011750276      -0.00019997364      -0.45928915101       0.43875122408       8.39813398059       0.32844662332       0.04867494103      -0.52615654942       0.00397772762      -0.00089902748
    -0.04099408234      -0.05438261086       0.00008412231      -0.00014328364       0.00096434271       0.00047371221      -0.00004949637       0.00010973137      -0.12400464829      -0.25993287894       0.32844662332       9.22079598419      -0.21549465587       0.24598652977      -0.00257745798       0.00317738088
     0.06082518978      -0.49144400614      -0.00170519148       0.00162368089      -0.00279849191      -0.00127446659       0.00099554954      -0.00212534771      -0.31043750547      -0.12938231991       0.04867494103      -0.21549465587       9.42687927700      -0.00475985785       0.00793890678       0.00774667835
     0.26684578674      -0.50103272820       0.00082687690      -0.00083846846      -0.00567954325      -0.00266582350      -0.00041616107       0.00101251241      -0.15983946682       0.21282882042      -0.52615654942       0.24598652977      -0.00475985785       9.19763607378      -0.00111112492       0.00348113615
    -0.00056253047      -0.00332574088       0.20785464559      -0.20808985130      -0.02503158744      -0.01198821847      -0.11383648278       0.25774781879       0.00009735747      -0.00244897674       0.00397772762      -0.00257745798       0.00793890678      -0.00111112492       8.67078613876      -0.02775963935
     0.00256795008      -0.00487741482       0.01584271136      -0.01097498499       0.55556081731       0.26067756723      -0.00643588501       0.01399638824       0.00546675431       0.00017839360      -0.00089902748       0.00317738088       0.00774667835       0.00348113615      -0.02775963935       9.22575304796
